-453.580231	-443.715240
-450.909607	-448.121216
-499.452026	-479.420074
-393.526215	-393.544830
-431.448853	-433.938599
-468.447052	-455.492188
-462.888489	-469.785736
-530.479370	-544.480103
-471.926819	-469.175507
-579.576538	-570.967285
-439.831940	-437.086304
-408.633606	-414.578522
-469.576935	-466.251831
-486.940521	-466.140747
-436.812042	-443.436890
-481.446808	-458.468933
-423.716431	-448.296661
-447.199432	-414.538391
-422.241241	-443.210419
-445.435913	-439.366730
-462.140167	-464.668427
-448.533325	-421.194611
-412.326324	-412.621613
-490.871033	-477.085175
-520.607971	-525.703064
-417.281708	-415.628510
-417.834564	-421.573059
-445.359802	-449.021027
-471.059631	-469.520416
-420.035034	-412.536621
-463.862915	-468.652679
-458.404541	-445.201660
-526.955811	-532.378479
-453.333282	-477.581268
-479.339142	-491.549469
-444.792572	-447.092896
-515.908630	-537.729492
-453.928680	-461.553864
-449.468567	-452.367554
-434.631409	-447.761627
-437.211823	-457.911316
-382.468811	-395.167480
-430.356262	-440.286224
-461.990387	-461.482117
-425.166138	-446.934784
-431.163574	-433.873718
-450.327789	-475.365601
-473.118439	-466.501740
-471.759369	-499.678558
-445.273712	-441.476898
-397.506592	-417.582886
-438.046448	-459.230225
-464.982697	-440.011688
-546.388611	-562.477905
-403.333282	-405.753632
-447.210510	-462.051544
-538.258911	-544.387695
-504.524506	-484.129547
-462.250885	-467.254120
-481.983887	-485.172607
-474.718750	-491.894989
-440.738251	-435.569336
-396.257080	-408.199402
-501.470093	-525.098206
-487.017517	-509.672485
-442.508850	-455.176361
-426.732361	-417.195404
-433.154358	-419.601105
-419.171021	-424.358551
-581.434570	-606.256287
-538.839600	-525.752014
-450.988617	-466.699554
-503.831726	-503.559570
-683.696716	-689.307617
-496.469177	-502.178650
-471.649078	-486.820282
-431.157471	-416.707184
-477.824158	-501.117126
-494.962494	-490.039337
-405.358856	-437.424744
-474.448822	-469.228149
-469.601410	-474.936340
-545.962158	-565.392517
-436.084412	-431.751984
-441.939941	-438.187164
-466.716278	-466.146545
-396.076111	-407.135834
-437.465973	-431.007324
-456.885895	-462.214142
-463.539581	-453.395752
-456.749725	-477.638306
-469.788422	-481.295532
-417.883057	-439.887421
-503.022705	-485.281250
-449.469849	-461.378967
-477.098297	-492.882721
-456.775146	-451.030579
-453.020569	-447.356445
-462.033966	-441.837097
-368.381958	-374.620392
-511.439178	-509.794647
-416.789215	-401.729706
-467.836975	-471.195068
-486.650909	-487.038330
-393.774872	-407.509277
-528.808899	-557.909424
-507.248932	-514.657410
-460.162201	-450.692535
-441.376038	-417.630554
-433.789520	-424.691925
-463.520782	-457.451385
-483.510223	-481.436584
-441.744995	-429.094818
-439.605896	-432.665009
-421.672791	-408.942505
-441.763275	-455.391327
-413.139313	-436.916565
-495.021851	-485.287842
-441.217255	-458.791962
-497.485687	-501.922546
-499.088470	-494.439850
-437.427917	-454.030823
-491.004883	-492.027435
-496.390137	-475.795258
-432.327362	-434.077026
-444.998993	-445.998596
-474.666840	-460.127289
-360.943542	-369.310211
-457.687622	-470.970978
-485.132599	-484.373077
-457.868927	-471.754333
-503.747009	-519.370728
-388.045532	-394.581299
-466.753906	-470.744171
-512.413818	-518.079041
-478.938263	-496.295135
-445.775391	-444.848114
-407.163208	-409.811066
-439.969666	-463.182251
-511.926117	-509.185577
-490.547607	-485.445770
-486.968201	-479.295135
-495.943451	-519.957825
-591.811035	-616.115540
-470.399567	-444.278229
-412.657776	-424.775055
-485.395081	-491.206085
-462.234558	-456.930176
-547.892090	-561.144775
-485.493073	-470.181519
-581.590942	-555.705078
-429.262390	-457.001556
-430.106750	-418.904602
-443.413544	-459.525909
-393.515411	-412.320953
-409.086334	-387.217590
-444.072052	-447.818573
-427.363037	-439.343201
-472.106537	-434.121765
-394.087494	-388.772614
-569.518005	-549.115723
-374.118622	-383.222778
-374.936859	-379.801941
-407.156860	-396.247833
-486.446167	-486.394196
-522.945129	-525.778870
-470.503174	-483.418884
-431.715698	-420.834290
-429.055237	-420.808380
-425.077393	-422.350922
-463.686432	-466.912872
-477.654541	-479.210175
-474.868652	-486.931396
-494.033813	-471.343781
-443.236145	-445.850891
-448.942413	-452.509644
-457.441681	-435.682556
-429.602356	-441.182159
-494.119232	-523.846802
-400.213806	-404.829224
-511.278442	-521.382446
-401.999908	-415.970551
-436.878662	-462.374756
-442.588562	-452.134644
-431.995667	-419.256866
-483.653534	-522.001282
-483.296600	-522.831421
-462.211029	-466.021454
-518.533875	-532.905701
-430.054077	-449.138000
-406.609253	-413.312897
-500.578644	-452.589355
-437.268555	-417.526581
-453.705627	-455.246124
-430.522614	-415.623199
-448.559174	-432.529633
-450.962433	-461.347382
-428.558044	-412.166229
-464.743683	-485.799438
-481.401428	-482.903046
-456.945923	-449.285828
-441.400055	-447.210571
-394.560638	-401.573334
-451.196960	-447.880768
-445.816803	-449.356567
-414.998749	-432.565308
-452.010498	-447.785034
-477.177704	-458.317932
-600.173889	-611.502869
-450.891602	-437.272980
-517.461914	-499.647858
-439.579529	-431.189148
-454.496429	-464.458252
-501.675964	-493.971283
-422.556152	-405.201843
-524.942444	-527.914001
-464.407684	-469.002197
-466.661499	-459.309174
-441.852539	-445.831848
-679.264648	-671.961060
-393.180634	-402.223938
-470.501587	-460.874268
-473.448090	-448.714478
-407.783875	-443.593933
-525.367554	-528.382019
-447.341797	-447.293060
-412.097137	-407.414429
-639.346497	-633.401367
-401.671295	-414.875427
-449.932800	-447.320099
-441.060425	-451.617676
-520.219849	-515.377441
-407.861420	-421.237823
-582.482300	-601.282104
-435.071899	-439.530518
-430.016632	-413.916168
-427.288147	-428.574402
-518.421570	-525.706543
-474.698517	-480.571777
-444.537872	-444.446136
-497.597229	-488.103638
-449.979919	-463.853546
-386.716248	-391.180786
-442.998566	-436.146301
-470.826202	-475.448944
-404.466431	-410.016998
-484.284607	-515.354187
-461.866241	-473.887024
-500.492249	-503.656067
-441.862793	-446.767120
-510.322510	-539.050049
-554.834167	-560.117249
-461.737671	-449.561127
-434.947571	-428.837067
-370.447449	-395.375153
-436.834351	-429.109619
-457.719696	-460.207184
-488.187012	-487.596100
-447.703033	-473.008881
-430.221802	-417.726013
-454.434845	-442.527771
-436.975555	-428.716156
-431.820557	-420.150635
-402.250671	-394.597229
-474.779022	-469.006744
-487.712646	-474.731293
-425.283752	-424.053345
-403.420013	-409.864899
-591.986572	-597.472412
-458.924896	-451.320648
-489.547943	-492.208588
-380.312775	-382.360016
-444.087708	-435.438385
-492.105896	-481.064972
-387.906403	-395.489594
-481.047272	-489.048096
-577.882690	-584.934998
-412.153595	-432.759674
-422.567993	-443.704285
-428.919098	-423.282349
-476.198669	-460.272186
-436.330963	-451.155731
-555.032166	-528.460022
-528.407043	-492.162048
-473.754333	-478.397095
-464.118835	-478.516083
-481.448303	-482.530884
-368.482819	-375.912567
-374.990753	-389.954010
-419.170624	-425.967773
-417.181030	-433.296326
-480.363525	-454.627167
-539.079712	-531.985962
-431.815033	-421.726135
-462.123810	-483.954285
-404.983124	-419.028412
-509.581970	-491.480896
-443.108917	-476.530853
-497.395660	-495.151520
-512.519958	-509.235046
-492.398499	-488.435516
-502.724426	-528.363647
-454.378906	-479.899414
-508.673584	-502.027252
-478.575928	-478.048431
-442.896973	-436.690247
-425.308655	-422.058838
-475.307556	-481.760712
-479.024597	-498.034576
-476.307495	-464.050232
-388.612946	-383.310944
-484.931305	-456.026306
-460.643158	-464.707031
-430.092682	-444.135315
-647.318420	-632.393066
-458.271057	-444.169250
-491.008423	-473.654999
-420.308655	-421.967590
-446.779663	-467.002380
-439.043335	-450.079987
-427.804352	-429.287323
-528.598145	-525.225525
-437.762024	-426.611084
-410.414307	-406.487793
-502.960114	-496.933044
-602.102417	-620.450623
-455.059845	-455.428467
-438.262970	-448.347382
-436.222656	-429.755432
-520.846558	-558.104248
-450.783386	-459.013916
-564.615906	-556.280273
-426.388367	-445.454590
-369.035278	-378.667236
-429.972656	-435.250854
-443.987579	-439.063965
-584.263794	-595.003113
-454.604767	-450.799652
-403.482422	-403.013855
-431.517944	-425.720978
-504.378479	-494.210815
-367.385651	-377.625549
-506.826874	-485.205017
-422.749207	-444.947205
-469.617859	-471.552246
-399.398499	-426.838226
-404.603455	-406.003448
-451.225891	-448.808411
-505.034180	-498.155518
-444.864075	-435.323822
-429.108643	-440.648499
-420.085388	-427.497314
-467.580109	-473.447144
-378.899597	-387.097168
-414.403534	-433.487854
-415.026184	-413.757385
-430.410065	-446.442657
-539.734863	-543.565857
-437.376770	-447.289795
-479.434906	-490.057373
-392.414825	-395.646027
-518.256775	-515.998108
-434.010498	-440.983856
-434.501007	-433.180237
-405.772003	-411.038940
-438.494293	-453.844818
-482.290405	-494.284393
-386.175140	-408.356476
-423.262665	-422.027466
-532.221436	-538.080444
-399.578461	-409.315704
-482.456940	-503.404694
-541.249146	-564.143005
-432.938873	-450.597229
-374.467346	-385.619629
-509.141052	-523.695007
-480.846680	-481.796356
-556.838745	-566.161255
-445.771210	-451.300201
-468.233154	-474.211823
-448.110962	-449.315643
-534.988281	-537.966187
-421.777924	-420.809753
-481.852570	-490.312836
-615.445862	-591.449280
-463.070343	-479.000305
-486.058472	-501.722565
-479.536987	-446.389374
-531.968933	-532.307129
-690.750488	-706.242432
-446.891510	-441.229736
-437.169342	-439.644806
-500.727936	-528.577087
-420.680542	-427.371613
-430.748260	-428.787689
-433.540009	-459.283539
-495.686951	-508.960052
-419.225983	-417.790527
-442.407501	-448.215668
-520.316650	-519.959778
-540.364441	-561.329590
-469.857666	-501.153473
-476.689453	-468.939148
-397.093842	-396.964386
-468.902161	-458.170837
-471.478760	-470.536957
-572.237732	-567.523621
-461.188843	-486.281586
-437.215942	-437.655884
-432.460999	-443.446747
-422.678925	-440.845856
-502.729767	-506.483337
-429.855988	-441.018188
-547.138123	-527.073486
-461.951569	-468.851746
-491.682281	-457.847321
-478.440216	-469.630524
-436.202576	-441.707397
-454.146759	-449.032532
-426.503448	-422.450653
-528.833313	-550.420959
-418.304688	-417.690094
-539.800476	-568.556274
-447.315033	-462.257385
-468.871277	-474.882477
-440.161407	-441.064880
-427.845642	-423.873718
-420.941772	-433.379272
-491.240082	-489.092590
-508.753021	-488.490448
-430.920471	-433.449615
-483.237885	-473.635040
-407.711395	-403.401428
-423.199982	-431.614136
-421.964447	-418.954956
-445.849670	-429.891876
-503.636444	-502.668640
-483.270203	-477.323578
-415.217651	-409.365570
-581.728577	-582.076904
-530.461548	-542.549500
-466.169281	-485.636688
-515.234924	-538.128357
-436.935883	-429.512543
-431.509064	-444.216461
-583.663391	-596.287292
-420.981354	-437.835205
-472.720795	-474.873901
-470.070984	-461.285248
-405.536987	-410.906738
-418.262939	-442.171204
-476.815613	-439.898560
-486.679077	-463.405884
-588.220459	-594.130737
-455.774933	-428.213165
-476.712799	-452.633759
-441.054138	-461.378601
-441.286194	-446.594116
-588.242554	-570.098572
-403.133057	-404.772949
-475.834991	-484.017670
-480.499908	-482.143555
-475.095551	-469.938965
-418.057312	-418.635132
-472.024902	-478.680847
-464.209869	-469.108063
-457.912476	-437.565735
-443.187714	-439.935944
-491.132660	-510.935913
-457.443573	-427.958038
-444.094360	-429.939575
-486.174377	-495.501495
-648.635986	-635.262451
-408.944214	-405.946167
-474.614044	-485.029114
-420.677216	-419.997131
-464.966156	-452.042603
-474.619751	-478.705841
-466.250885	-473.796570
-489.603516	-486.001831
-429.704010	-440.693848
-411.431702	-421.363556
-481.961212	-473.084747
-438.047882	-436.999939
-417.344391	-408.781494
-453.853516	-457.101318
-463.722198	-449.824066
-498.514618	-526.781067
-380.591064	-389.065918
-404.140106	-410.450256
-442.740692	-449.895416
-491.854553	-498.672394
-438.936310	-435.315033
-460.722717	-450.932678
-483.508423	-472.447876
-445.219330	-442.290070
-454.350342	-455.894836
-430.594208	-418.091095
-511.274109	-520.187378
-477.656616	-492.951019
-384.068176	-393.253723
-479.081848	-455.183167
-393.191132	-399.602325
-454.408539	-426.594452
-423.024628	-431.084381
-435.468842	-433.106201
-413.168304	-412.136841
-403.575073	-413.098846
-458.419037	-477.189423
-540.281738	-554.194031
-443.376709	-451.021881
-545.968567	-549.503906
-625.428955	-642.817200
-440.745331	-453.065033
-534.354980	-538.292358
-494.188354	-506.874512
-458.056366	-496.419586
-546.407776	-576.945557
-462.312225	-487.112274
-492.194977	-509.918610
-424.996948	-417.753052
-464.648010	-469.261383
-464.166870	-456.937866
-469.226410	-468.300812
-632.733826	-645.883118
-449.335785	-466.955383
-484.703278	-512.256165
-501.224762	-543.214233
-408.472595	-411.303955
-515.552673	-525.883301
-463.667755	-462.386536
-417.650848	-427.679230
-436.678253	-446.310730
-525.034424	-493.801483
-639.361572	-645.214294
-406.719849	-408.571960
-418.802887	-417.054169
-447.726501	-460.654633
-460.804352	-451.417908
-490.398376	-470.371185
-495.756348	-474.535034
-472.655151	-466.969604
-479.175171	-499.406219
-474.345154	-470.155304
-487.683960	-491.052673
-459.841278	-432.509979
-480.288361	-483.080627
-500.077911	-487.628357
-412.036926	-408.402496
-512.387451	-521.994324
-407.512695	-389.656616
-588.849609	-583.205688
-494.739166	-497.179871
-505.688629	-528.940918
-441.086182	-450.142609
-466.238739	-466.280792
-515.805603	-540.588928
-478.032776	-491.975159
-406.737854	-396.222443
-425.097412	-447.300812
-507.444275	-498.233459
-399.106567	-387.461700
-425.600647	-416.307892
-487.311096	-480.281372
-478.530731	-492.630768
-400.349548	-398.230438
-443.011353	-432.606049
-540.965149	-550.379700
-607.403931	-609.979309
-416.740631	-412.606873
-406.495087	-405.886078
-504.699585	-509.790894
-542.594543	-539.021973
-403.536346	-417.614410
-464.552490	-478.095734
-478.932343	-454.403900
-460.781799	-453.073975
-604.502747	-586.933655
-459.104370	-457.948212
-455.376831	-436.298157
-434.509125	-435.548370
-471.243652	-473.543884
-544.933044	-550.872070
-471.487091	-463.715607
-424.505859	-418.087372
-383.704773	-396.875824
-413.185638	-421.776062
-444.755798	-446.971283
-430.093597	-434.099915
-492.848938	-502.072449
-451.507446	-462.997345
-438.921387	-438.368927
-397.705139	-406.186859
-435.782074	-432.019226
-432.921570	-438.273071
-352.650238	-346.672211
-489.094757	-498.764587
-469.317993	-491.876617
-453.282898	-440.332062
-447.636017	-466.205566
-508.825378	-500.760712
-445.226807	-437.895050
-429.659637	-423.466492
-572.446838	-584.873901
-528.771729	-575.940125
-660.846619	-654.050842
-451.344757	-469.120850
-424.012207	-432.624237
-465.887573	-479.927307
-443.932373	-449.684082
-493.476288	-492.728699
-469.483276	-477.442810
-574.482788	-584.992981
-477.778931	-488.319458
-444.662506	-439.356232
-387.084747	-391.856964
-380.803253	-380.360016
-436.429047	-448.636230
-523.432068	-548.078613
-463.931885	-468.772675
-527.331848	-514.915955
-439.955444	-445.894623
-490.676788	-467.854675
-407.362030	-390.397766
-529.040894	-545.299438
-406.313568	-416.534882
-448.908722	-474.257019
-393.457581	-406.056244
-478.497284	-469.152710
-434.499573	-452.846832
-460.945923	-474.731964
-431.584137	-431.294952
-639.075745	-644.597595
-410.046417	-422.951782
-443.213806	-462.306824
-400.680298	-391.605713
-439.937500	-435.501190
-509.350220	-524.552795
-478.733734	-502.242737
-440.283081	-444.418915
-469.222870	-478.866211
-417.732330	-412.907410
-567.444092	-571.318420
-461.175293	-471.722015
-434.498474	-418.631500
-453.042725	-453.505615
-415.450928	-433.479187
-417.610870	-433.808777
-403.383545	-403.369415
-428.595245	-437.770844
-466.552643	-481.662140
-406.746582	-400.598358
-582.509827	-569.709839
-515.724243	-528.166504
-515.186218	-524.989624
-605.617554	-601.020386
-515.007935	-526.836426
-453.993195	-434.411560
-421.960449	-426.135010
-618.937805	-628.876709
-394.209137	-378.364441
-397.270081	-400.872314
-474.670227	-504.135773
-660.713867	-651.144104
-461.415405	-465.901794
-479.331848	-478.887115
-465.417297	-467.930267
-447.258575	-448.972290
-529.736450	-541.170593
-403.377991	-406.060425
-445.458313	-456.342133
-510.184387	-505.902008
-448.311798	-457.384705
-553.750732	-554.335022
-412.942169	-413.206512
-643.318604	-663.123535
-492.695923	-503.956604
-441.576355	-441.734772
-444.864288	-440.072845
-463.245270	-470.097961
-426.258423	-425.526489
-475.419464	-462.313354
-453.093140	-441.870972
-415.342072	-424.014465
-592.063599	-587.878357
-434.698090	-439.345764
-488.325745	-483.611877
-457.798126	-469.870239
-424.884094	-416.223755
-470.946228	-480.198486
-474.781891	-466.879578
-532.945190	-557.463867
-486.974152	-505.404114
-444.808380	-442.095093
-452.016296	-474.978333
-416.538025	-437.252563
-508.588684	-517.838196
-397.333618	-411.808472
-456.524780	-460.907776
-434.993317	-440.072235
-448.468445	-438.327850
-415.520996	-412.880341
-458.784637	-428.826660
-387.056610	-388.164948
-479.702698	-484.580536
-424.699341	-429.454468
-537.241089	-561.568359
-482.998383	-507.464111
-474.368835	-472.322876
-494.893951	-500.454681
-438.175110	-465.537598
-485.679169	-472.055542
-412.922760	-428.072144
-487.601379	-502.628265
-495.564178	-498.471527
-505.158997	-512.321899
-517.497192	-502.028229
-448.790222	-476.809082
-451.709747	-449.853943
-488.539124	-496.337616
-475.518097	-454.859009
-503.906036	-513.738464
-604.803833	-596.721191
-491.089539	-491.666748
-459.410675	-461.677460
-472.379791	-467.203522
-491.424622	-509.995941
-609.736023	-621.425842
-368.701965	-366.479614
-448.764954	-468.518677
-446.659210	-444.306427
-559.136414	-561.547363
-582.232788	-549.895447
-456.532471	-471.445892
-585.329041	-592.790161
-491.698517	-485.738342
-585.477234	-581.361023
-458.415100	-479.559082
-487.146820	-502.434418
-459.813660	-432.518280
-457.375671	-478.872070
-499.097321	-475.904816
-430.307831	-417.406586
-583.544617	-591.136780
-571.807800	-594.665161
-461.081573	-473.062683
-489.144775	-473.751099
-463.817871	-489.015106
-474.091278	-460.990692
-490.882812	-504.397430
-474.195801	-508.498962
-427.943390	-409.941010
-442.272736	-433.029297
-464.604218	-469.779846
-459.019501	-439.231384
-494.962921	-500.324890
-639.130310	-641.196594
-586.719727	-623.788269
-609.630249	-634.126892
-512.375732	-514.416443
-477.236603	-505.727936
-483.631683	-485.422333
-620.955383	-628.375549
-413.599701	-410.211578
-490.799896	-516.900940
-494.782776	-483.546173
-486.766724	-484.861816
-532.911072	-543.630981
-441.182220	-438.764069
-449.344727	-468.702362
-393.055176	-375.527161
-457.911865	-454.840820
-432.393524	-430.412537
-452.802399	-472.012970
-482.036346	-477.079712
-396.551025	-413.961792
-451.813293	-432.205505
-493.229370	-527.185059
-470.391968	-477.025696
-492.909088	-527.147644
-433.700592	-442.439148
-445.526459	-452.067993
-485.491699	-499.805176
-408.941833	-392.706177
-422.394165	-434.099548
-507.790955	-519.336731
-585.352051	-609.503601
-462.126160	-480.353241
-487.569519	-511.553802
-562.793091	-566.239075
-510.229401	-493.536896
-482.147156	-498.847504
-478.953705	-477.030273
-482.922729	-468.884552
-430.932587	-422.844513
-492.000305	-471.988861
-506.991760	-518.596802
-541.098877	-567.564392
-512.914429	-488.574463
-466.963409	-475.399689
-453.854126	-437.024994
-455.543823	-429.931976
-431.687622	-443.075317
-466.902985	-473.622192
-435.568146	-436.927063
-523.086609	-533.030457
-488.391266	-475.217316
-525.103821	-512.233337
-583.073364	-574.266357
-418.697754	-419.494110
-559.413635	-591.138672
-495.317383	-526.519409
-430.152924	-423.897400
-470.124207	-487.775665
-414.841919	-401.830933
-447.729492	-454.901276
-438.027679	-440.145081
-450.081543	-467.493835
-483.101288	-504.353241
-462.470123	-462.656219
-399.114807	-392.809845
-415.448242	-435.313904
-575.976685	-590.261108
-407.498230	-385.206482
-416.699677	-400.669067
-404.978210	-403.009094
-429.189392	-431.878693
-425.773285	-432.558563
-532.754578	-556.132385
-466.356628	-461.545197
-464.453827	-487.576904
-449.129608	-458.557343
-564.106812	-579.603455
-590.309692	-600.803406
-457.879395	-487.102448
-422.943848	-408.464783
-620.438293	-601.297852
-459.310181	-475.825867
-533.778198	-521.832825
-502.271973	-517.859985
-434.419525	-424.294098
-555.746582	-550.341736
-458.325745	-456.289734
-460.067322	-458.707855
-518.014038	-531.840637
-520.990845	-525.339722
-468.824097	-489.048981
-567.826355	-563.990601
-430.816376	-445.732727
-462.327698	-454.680328
-695.732300	-704.033325
-527.619446	-518.409912
-481.160248	-510.792328
-424.578033	-429.183746
-529.126831	-558.056335
-435.655640	-431.994476
-419.441895	-410.383362
-536.757812	-566.781799
-465.850128	-491.649780
-506.569641	-522.392639
-458.183258	-474.028961
-424.373352	-428.121918
-409.107025	-402.831360
-377.795868	-373.774933
-515.364380	-537.168091
-454.511078	-436.807007
-444.595032	-463.065277
-577.823181	-582.190796
-465.099396	-447.579376
-478.069000	-469.253784
-491.916840	-480.516754
-611.902344	-613.192932
-442.140503	-422.036621
-498.341705	-489.594452
-428.090851	-437.523712
-435.365753	-453.798340
-474.099060	-477.858948
-517.207703	-527.509338
-415.737793	-398.705627
-439.753113	-437.612732
-476.823090	-478.870117
-497.984131	-469.819519
-482.709625	-505.697327
-477.714874	-463.684204
-447.572540	-438.893585
-477.437561	-479.589233
-513.594543	-514.013000
-420.543335	-436.017578
-439.114502	-442.858337
-372.097809	-374.546539
-475.397614	-493.867188
-455.470459	-477.207886
-453.500427	-455.456940
-461.573639	-440.542511
-486.584564	-488.796387
-584.713440	-598.141663
-470.815857	-471.587952
-409.349854	-418.241791
-438.082886	-418.691925
-414.387878	-416.916351
-439.013550	-467.589874
-594.257690	-575.157776
-473.177155	-476.441193
-381.761993	-384.732056
-449.582245	-454.559418
-463.178223	-469.692139
-574.185303	-584.440674
-449.509247	-453.237793
-513.290283	-523.599915
-432.111786	-411.267120
-520.011414	-545.562744
-487.661865	-523.100281
-438.598877	-451.250153
-493.199768	-489.667236
-432.577332	-406.814545
-472.167969	-482.767731
-405.551361	-403.459869
-602.104736	-590.747131
-521.450439	-508.148987
-514.763916	-492.198242
-435.093384	-450.574677
-420.591705	-439.276611
-439.528168	-444.105774
-557.602295	-577.450500
-606.007141	-626.455872
-575.437256	-580.020386
-429.239380	-445.343536
-549.898010	-528.277161
-629.694946	-609.317017
-429.152405	-420.923279
-508.408173	-472.748657
-453.538177	-464.814911
-384.167725	-392.773865
-403.030151	-414.156708
-510.716125	-501.080719
-483.460907	-477.285858
-456.324371	-459.847931
-395.034302	-400.273621
-639.139893	-647.710876
-415.808899	-383.218262
-424.072144	-436.118256
-462.901337	-492.460968
-425.795959	-415.497589
-491.902557	-509.325134
-564.645508	-551.006226
-413.422974	-411.981537
-487.138733	-467.072510
-472.741089	-487.837585
-427.090210	-426.099091
-512.660950	-510.077698
-528.085205	-499.729584
-461.837952	-489.060455
-418.371063	-427.278076
-463.199707	-466.069244
-411.005310	-414.661194
-443.819031	-442.953339
-419.108398	-439.912079
-577.673401	-577.520874
-482.595825	-468.054138
-541.289917	-566.344910
-572.173523	-567.999634
-392.866760	-394.986328
-500.370422	-527.589050
-501.939850	-488.308105
-477.617859	-501.325562
-489.828766	-501.582001
-500.999634	-497.976379
-444.991669	-467.386871
-454.984161	-439.864441
-547.790283	-558.754883
-416.711975	-425.601532
-560.283508	-592.052734
-458.609772	-484.186188
-586.725525	-559.712402
-434.348053	-438.914917
-440.998535	-448.955902
-585.630066	-584.178467
-519.481628	-520.145020
-492.631653	-498.672943
-550.729492	-556.363037
-433.467133	-422.189789
-458.263031	-447.782471
-427.280853	-411.139465
-576.667908	-554.305359
-411.287781	-419.831726
-460.601685	-424.689667
-569.715942	-554.052734
-466.278687	-487.139496
-568.893372	-590.712769
-388.409210	-371.595703
-452.610291	-461.328033
-523.858276	-511.179779
-474.447601	-479.575684
-506.053406	-490.504028
-545.396179	-543.747009
-466.644745	-453.494476
-407.922150	-399.253723
-443.432098	-436.462006
-483.627533	-494.664459
-451.894836	-453.209412
